1 48287980 52287979 R1
2 86088342 101041482 R2
2 134666268 138166268 R3
2 183174494 190174494 R4
3 47524996 50024996 R5
3 83417310 86917310 R6
3 88917310 96017310 R7
5 44464243 50464243 R8
5 97972100 100472101 R9
5 128972101 131972101 R10
5 135472101 138472101 R11
6 25392021 33448354 R12
6 56892041 63942041 R13
6 139958307 142458307 R14
7 55225791 66555850 R15
8 7962590 11962591 R16
8 42880843 49837447 R17
8 111930824 114930824 R18
10 36959994 43679994 R19
11 46043424 57243424 R20
11 87860352 90860352 R21
12 33108733 41713733 R22
12 111037280 113537280 R23
20 32536339 35066586 R24
X 0 250000000 R25
